9 14 5 10 145 5
0 15 5 0 145 5
13 103 13 16 1134 7
2 6 11 9 60 6
9 45 9 41 475 6
45 5 10 15 50 6
4 50 9 70 500 5
1 60 12 6 684 7
69 65 30 163 684 26
0 74 6 0 765 6
16 73 11 17 810 7
0 45 5 0 475 5
10 52 9 9 570 5
0 74 9 0 810 5
8 52 8 3 570 5
8 9 16 15 90 10
6 130 16 27 1377 10
5 84 12 20 858 9
40 4 5 112 45 5
5 14 5 103 145 5
16 54 23 43 600 18
3 73 8 6 810 5
0 53 16 0 570 16
3 52 7 9 570 7
15 24 14 40 240 8
0 72 5 0 810 5
2 75 8 1 810 5
0 72 5 0 810 5
0 45 10 0 450 6
38 15 6 112 145 6
44 5 9 108 50 5
0 42 9 0 475 5
44 45 8 108 500 5
10 15 6 20 145 6
73 26 11 13 243 11
17 89 18 14 900 12
42 45 9 11 500 5
11 93 7 115 1134 7
81 69 30 103 840 30
0 45 8 0 475 5
4 44 10 4 475 6
11 63 15 8 665 10
3 55 10 14 570 6
4 71 9 19 850 5
8 80 10 14 810 5
0 44 10 0 500 6
6 45 9 13 500 5
8 15 12 105 145 7
10 49 13 20 570 13
13 45 5 14 475 5
2 5 10 0 45 5
7 38 5 10 475 5
5 15 10 6 145 6
16 12 10 30 145 5
3 5 10 18 50 6
9 45 9 29 475 5
44 15 6 81 145 6
1 73 7 1 765 7
2 4 9 9 50 5
3 15 5 4 145 5
0 49 22 0 570 22
40 55 8 7 540 5
8 68 10 13 810 6
5 44 10 11 500 5
45 44 5 128 475 5
0 5 5 0 50 5
8 14 11 124 145 7
11 44 11 44 475 7
12 36 5 14 475 5
10 70 12 19 715 7
69 144 14 195 1520 9
10 44 12 29 475 7
18 45 7 22 475 7
13 55 5 10 570 5
5 5 8 103 50 5
13 5 5 11 50 5
6 5 5 14 50 5
0 5 5 0 50 5
0 4 8 0 45 5
21 49 26 48 570 22
0 14 5 0 145 5
3 45 6 25 475 6
6 90 11 134 855 11
7 44 5 24 475 5
6 5 9 19 50 5
9 12 11 18 145 7
3 79 16 8 900 10
0 14 5 0 145 5
2 21 15 7 203 10
8 67 5 8 810 5
0 44 5 0 475 5
1 50 9 0 570 5
5 5 9 18 50 5
8 5 6 24 50 6
0 5 5 0 50 5
5 89 11 8 950 7
1 45 12 23 475 7
28 54 27 75 570 27
6 75 12 10 918 8
4 90 19 3 855 12
11 15 9 28 145 5
14 42 5 8 475 5
11 12 9 13 145 5
43 45 5 130 450 5
16 133 5 48 1425 5
10 42 5 20 475 5
22 53 27 52 570 22
2 12 5 49 145 5
0 75 9 0 850 5
6 51 12 18 570 7
7 49 11 37 475 7
55 133 12 163 1260 7
0 107 13 0 1140 7
44 44 10 24 500 6
74 93 9 224 1080 9
10 41 9 30 450 5
8 47 11 17 450 7
14 4 5 15 50 5
53 55 22 45 570 17
10 4 9 3 50 5
1 50 9 4 475 5
5 5 10 16 45 5
11 5 6 39 50 6
53 54 7 7 570 7
4 31 10 28 475 6
10 15 5 6 145 5
10 9 19 23 81 12
9 41 5 21 475 5
3 5 12 39 50 7
5 14 10 22 145 6
7 80 21 30 855 14
7 40 5 11 475 5
44 75 9 17 810 5
9 74 9 33 810 6
5 99 13 16 1134 7
38 70 9 109 810 5
5 92 18 17 1026 11
54 6 13 5 60 9
18 42 9 36 475 5
0 52 23 0 570 23
13 6 13 24 70 8
15 75 9 21 810 6
9 45 9 15 475 6
0 43 19 0 570 19
0 74 5 0 810 5
8 15 9 26 145 5
2 39 10 3 475 7
43 40 5 123 475 5
0 70 5 0 715 5
0 55 28 0 570 23
0 50 6 0 475 6
1 47 10 1 475 6
11 44 9 20 475 5
3 69 10 7 765 6
4 3 11 5 50 7
51 84 7 31 972 7
0 5 5 0 50 5
6 45 12 20 475 8
0 45 9 0 450 5
11 74 5 19 810 5
13 45 10 36 475 5
5 97 16 12 1050 11
61 61 12 169 665 7
45 69 11 9 675 6
11 44 5 14 475 5
2 4 11 3 50 7
2 45 11 3 475 6
0 15 5 0 145 5
11 45 8 30 475 5
12 44 10 25 475 5
0 75 5 0 810 5
12 84 13 12 858 8
0 4 5 0 50 5
0 68 5 0 715 5
16 75 10 19 810 5
2 62 14 14 665 8
0 7 8 0 70 8
8 5 5 12 50 5
40 68 9 126 810 5
3 55 7 1 684 7
10 15 9 1 135 5
39 5 5 3 50 5
18 8 18 58 80 11
57 53 7 163 665 7
27 49 29 37 570 25
58 54 25 165 570 21
5 43 11 20 450 7
0 55 15 0 570 15
15 74 8 22 810 5
13 15 9 31 145 5
6 14 10 30 135 6
0 54 5 0 570 5
14 104 15 36 1134 9
10 45 11 30 475 6
2 63 8 3 700 8
2 53 12 2 540 7
1 43 5 0 475 5
5 23 8 17 240 8
11 26 18 41 243 12
12 44 5 7 475 5
66 119 17 19 1296 10
10 71 9 15 810 5
10 44 9 23 475 5
3 15 11 26 150 6
12 5 9 29 50 5
8 15 10 15 145 5
5 4 10 3 40 7
2 15 5 51 135 5
13 5 5 8 50 5
0 38 5 0 475 5
10 5 5 10 50 5
4 54 9 9 570 9
18 109 18 2 1296 10
43 76 5 124 810 5
0 5 10 0 45 7
10 5 5 9 50 5
5 52 12 0 600 7
4 45 10 12 475 5
0 44 9 0 475 5
10 45 10 8 475 6
11 75 11 15 810 7
0 71 5 0 810 5
6 70 10 2 850 5
10 44 5 15 475 5
15 69 8 48 715 5
9 54 12 147 570 7
4 43 8 22 475 5
43 45 10 17 450 6
5 45 12 0 475 7
10 73 9 27 810 6
9 55 8 1 570 5
43 37 9 127 450 5
4 15 10 38 145 5
4 76 11 16 858 6
3 63 5 49 810 5
2 7 7 13 70 7
12 14 6 19 145 6
16 54 9 44 570 5
1 59 11 5 715 7
7 45 10 12 475 7
1 15 5 20 145 5
0 44 9 0 475 5
3 59 14 43 665 8
39 69 5 126 850 5
7 5 8 3 50 5
11 44 9 6 500 5
14 13 8 19 145 5
2 45 5 7 475 5
7 45 11 24 475 7
3 45 10 1 475 6
43 70 5 125 715 5
11 45 9 43 475 5
4 42 8 10 475 5
9 55 5 10 570 5
41 45 6 3 475 6
2 69 9 0 750 5
0 49 20 0 570 16
39 37 8 130 500 5
